td_0_string=Preview_Model
td_0_data=218.000000 127.000000 5 1 0 0 0.600000 2.000000 -1 0 255 0 205.000000 214.000000 0 1 1 3799 1 1 -4.000000 0.000000 0.000000 1.000000 255 0 255 
td_0_bar_data=100.000000 0 
td_1_string=_
td_1_data=318.000000 192.000000 1 1 1 0 0.600000 11.050005 16777215 255 16777095 1 298.500000 117.500000 0 2 1 0 1 1 -10.000000 0.000000 -20.000000 1.000000 255 255 135 
td_1_bar_data=100.000000 0 
td_2_string=Preview_Model
td_2_data=220.000000 211.000000 5 0 0 0 0.600000 2.000000 1097458175 0 255 0 112.500000 150.000000 0 1 1 346 1 1 -10.000000 -30.000000 0.000000 1.699999 255 0 255 
td_2_bar_data=100.000000 0 
td_3_string=Preview_Model
td_3_data=233.000000 202.000000 5 1 0 0 0.600000 2.000000 1097458175 0 255 0 112.500000 150.000000 0 1 1 2694 1 1 -10.000000 0.000000 90.000000 1.699999 255 0 255 
td_3_bar_data=100.000000 0 
td_4_string=Preview_Model
td_4_data=282.000000 188.000000 5 1 0 0 0.600000 2.000000 1097458142 0 255 0 112.500000 150.000000 0 1 1 2501 1 1 0.000000 65.000000 0.000000 1.909999 222 0 255 
td_4_bar_data=100.000000 0 
td_5_string=Preview_Model
td_5_data=289.000000 171.000000 5 0 0 0 0.600000 2.000000 1097458123 0 255 0 112.500000 150.000000 0 1 1 335 1 1 -10.000000 65.000000 -20.000000 2.029999 203 0 255 
td_5_bar_data=100.000000 0 
td_6_string=Preview_Model
td_6_data=278.000000 172.000000 5 1 0 0 0.600000 2.000000 1097458175 0 255 0 112.500000 150.000000 0 1 1 19030 1 1 -1.000000 -20.000000 93.000000 1.699999 255 0 255 
td_6_bar_data=100.000000 0 
td_7_string=Preview_Model
td_7_data=303.000000 168.000000 5 1 0 0 0.600000 2.000000 1097458175 0 255 0 112.500000 150.000000 0 1 1 2114 1 1 139.000000 40.000000 176.000000 2.229998 255 0 255 
td_7_bar_data=100.000000 0 
td_8_string=Preview_Model
td_8_data=320.000000 184.000000 5 1 0 0 0.600000 2.000000 1097458175 0 255 0 112.500000 150.000000 0 1 1 19570 1 1 -1.000000 86.000000 93.000000 1.999999 255 0 255 
td_8_bar_data=100.000000 0 
td_9_string=Preview_Model
td_9_data=274.000000 209.000000 5 1 0 0 0.600000 2.000000 1097458175 0 255 0 112.500000 150.000000 0 1 1 1644 1 1 135.000000 0.000000 93.000000 1.999999 255 0 255 
td_9_bar_data=100.000000 0 
td_10_string=Preview_Model
td_10_data=236.000000 173.000000 5 1 0 0 0.600000 2.000000 1097458175 0 255 0 112.500000 150.000000 0 1 1 19054 1 1 -1.000000 0.000000 79.000000 2.269998 255 0 255 
td_10_bar_data=100.000000 0 
td_11_string=Preview_Model
td_11_data=218.000000 161.000000 5 1 0 0 0.600000 2.000000 1097458137 0 0 0 112.500000 150.000000 0 1 1 367 1 1 -11.000000 45.000000 45.000000 1.839999 217 0 0 
td_11_bar_data=100.000000 0 
td_12_string=ZAPLENI
td_12_data=270.000000 314.000000 2 1 1 0 0.258332 1.750000 -1 255 -16776961 1 16.500000 90.500000 1 2 1 0 1 1 -10.000000 0.000000 -20.000000 1.000000 255 255 255 
td_12_bar_data=100.000000 0 
td_13_string=PROPUSTI
td_13_data=374.000000 313.000000 2 1 1 0 0.258332 1.750000 -1 255 9109759 1 16.500000 90.500000 1 2 1 0 1 1 -10.000000 0.000000 -20.000000 1.000000 255 255 255 
td_13_bar_data=100.000000 0 
