td_0_string=Preview_Model
td_0_data=188.000000 -12.000000 5 1 0 0 0.600000 2.000000 -1 0 255 0 236.000000 513.000000 0 1 1 2694 1 1 0.000000 0.000000 93.000000 0.980000 255 0 255 
td_0_bar_data=100.000000 0 
td_1_string=_
td_1_data=310.000000 215.000000 1 1 1 0 0.600000 11.450007 -1 255 16777110 1 298.500000 162.000000 0 2 1 0 1 1 -10.000000 0.000000 -20.000000 1.000000 255 255 150 
td_1_bar_data=100.000000 0 
td_2_string=Preview_Model
td_2_data=216.000000 221.000000 5 0 0 0 0.600000 2.000000 1097458175 0 255 0 112.500000 150.000000 0 1 1 19583 1 1 128.000000 0.000000 145.000000 1.839998 255 0 255 
td_2_bar_data=100.000000 0 
td_3_string=Preview_Model
td_3_data=317.000000 217.000000 5 1 0 0 0.600000 2.000000 1097458152 0 255 0 112.500000 150.000000 0 1 1 19563 1 1 0.000000 -15.000000 -14.000000 1.949998 232 0 255 
td_3_bar_data=100.000000 0 
td_4_string=Preview_Model
td_4_data=192.000000 223.000000 5 1 0 0 0.600000 2.000000 35813 0 255 0 112.500000 150.000000 0 1 1 18645 1 1 -10.000000 22.000000 180.000000 1.309998 229 0 255 
td_4_bar_data=100.000000 0 
td_5_string=Preview_Model
td_5_data=212.000000 235.000000 5 0 0 0 0.600000 2.000000 1097458175 0 255 0 112.500000 150.000000 0 1 1 18642 1 1 0.000000 90.000000 -20.000000 1.949998 255 0 255 
td_5_bar_data=100.000000 0 
td_6_string=Preview_Model
td_6_data=234.000000 236.000000 5 1 0 0 0.600000 2.000000 1097458175 0 255 0 112.500000 150.000000 0 1 1 1644 1 1 -10.000000 0.000000 -90.000000 1.489999 255 0 255 
td_6_bar_data=100.000000 0 
td_7_string=Preview_Model
td_7_data=303.000000 231.000000 5 1 0 0 0.600000 2.000000 1097458175 0 255 0 110.500000 113.000000 0 1 1 19816 1 1 -10.000000 -14.000000 -20.000000 1.309998 255 0 255 
td_7_bar_data=100.000000 0 
td_8_string=Preview_Model
td_8_data=287.000000 240.000000 5 1 0 0 0.600000 2.000000 1097458149 0 255 0 112.500000 150.000000 0 1 1 367 1 1 4.000000 0.000000 29.000000 1.549998 229 0 255 
td_8_bar_data=100.000000 0 
td_9_string=Preview_Model
td_9_data=298.000000 190.000000 5 0 0 0 0.600000 2.000000 1097458175 0 255 0 112.500000 150.000000 0 1 1 18634 1 1 -10.000000 40.000000 -61.000000 1.489999 255 0 255 
td_9_bar_data=100.000000 0 
td_10_string=Preview_Model
td_10_data=238.000000 214.000000 5 1 0 0 0.600000 2.000000 1097458129 0 255 0 112.500000 150.000000 0 1 1 2488 1 1 -11.000000 0.000000 0.000000 1.709998 209 0 255 
td_10_bar_data=100.000000 0 
td_11_string=Preview_Model
td_11_data=283.000000 208.000000 5 1 0 0 0.600000 2.000000 1097458175 0 255 0 112.500000 150.000000 0 1 1 18635 1 1 -10.000000 40.000000 1.000000 1.789999 255 0 255 
td_11_bar_data=100.000000 0 
td_12_string=Preview_Model
td_12_data=281.000000 196.000000 5 1 0 0 0.600000 2.000000 1097458175 0 255 0 112.500000 150.000000 0 1 1 2694 1 1 -10.000000 50.000000 -83.000000 1.629999 255 0 255 
td_12_bar_data=100.000000 0 
td_13_string=ZAPLENI
td_13_data=259.000000 337.000000 2 1 1 0 0.258332 1.750000 -1 255 -16776961 1 16.500000 90.500000 1 2 1 0 1 1 -10.000000 0.000000 -20.000000 1.000000 255 255 255 
td_13_bar_data=100.000000 0 
td_14_string=PROPUSTI
td_14_data=361.000000 337.000000 2 1 1 0 0.258332 1.750000 -1 255 9109759 1 16.500000 90.500000 1 2 1 0 1 1 -10.000000 0.000000 -20.000000 1.000000 255 255 255 
td_14_bar_data=100.000000 0 
