td_0_string=Preview_Model
td_0_data=221.000000 134.000000 5 1 0 0 0.600000 2.000000 -1 0 255 0 194.500000 232.500000 0 1 1 2912 1 1 0.000000 0.000000 0.000000 0.870000 255 0 255 
td_0_bar_data=100.000000 0 
td_1_string=_
td_1_data=317.000000 178.000000 1 1 1 0 0.600000 16.200000 16777215 255 16777095 1 298.500000 114.000000 0 2 1 0 1 1 -10.000000 0.000000 -20.000000 1.000000 255 255 135 
td_1_bar_data=100.000000 0 
td_2_string=Preview_Model
td_2_data=312.000000 225.000000 5 0 0 0 0.600000 2.000000 1097458148 0 255 0 112.500000 150.000000 0 1 1 346 1 1 0.000000 44.000000 0.000000 1.000000 228 0 255 gun
td_2_bar_data=100.000000 0 
td_3_string=Preview_Model
td_3_data=220.000000 222.000000 5 1 0 0 0.600000 2.000000 1097458175 0 255 0 112.500000 150.000000 0 1 1 1577 1 1 -88.000000 0.000000 -24.000000 2.439996 255 0 255 droga
td_3_bar_data=100.000000 0 
td_4_string=Preview_Model
td_4_data=210.000000 214.000000 5 1 0 0 0.600000 2.000000 1097458131 0 255 0 112.500000 150.000000 0 1 1 2856 1 1 -14.000000 -93.000000 -76.000000 1.459998 211 0 255 
td_4_bar_data=100.000000 0 
td_5_string=Preview_Model
td_5_data=308.000000 210.000000 5 1 0 0 0.600000 2.000000 1097458175 0 255 0 112.500000 150.000000 0 1 1 19816 1 1 -10.000000 0.000000 -20.000000 1.399999 255 0 255 
td_5_bar_data=100.000000 0 
td_6_string=Preview_Model
td_6_data=263.000000 220.000000 5 1 0 0 0.600000 2.000000 16777192 0 255 0 112.500000 150.000000 0 1 1 2028 1 1 -83.000000 0.000000 180.000000 1.339998 232 0 255 
td_6_bar_data=100.000000 0 
td_7_string=Preview_Model
td_7_data=226.000000 203.000000 5 1 0 0 0.600000 2.000000 1097458175 0 255 0 112.500000 150.000000 0 1 1 2490 1 1 -2.000000 -25.000000 3.000000 1.869999 255 0 255 
td_7_bar_data=100.000000 0 
td_8_string=Preview_Model
td_8_data=237.000000 180.000000 5 0 0 0 0.600000 2.000000 1097458175 0 255 0 112.500000 150.000000 0 1 1 335 1 1 -10.000000 63.000000 -20.000000 1.939998 255 0 255 
td_8_bar_data=100.000000 0 
td_9_string=Preview_Model
td_9_data=288.000000 231.000000 5 1 0 0 0.600000 2.000000 1097458172 0 255 0 112.500000 150.000000 0 1 1 19564 1 1 -10.000000 0.000000 -3.000000 2.429996 252 0 255 
td_9_bar_data=100.000000 0 
td_10_string=Preview_Model
td_10_data=231.000000 183.000000 5 1 0 0 0.600000 2.000000 1097458175 0 255 0 112.500000 150.000000 0 1 1 19030 1 1 -10.000000 -24.000000 85.000000 1.739999 255 0 255 
td_10_bar_data=100.000000 0 
td_11_string=Preview_Model
td_11_data=252.000000 181.000000 5 1 0 0 0.600000 2.000000 1097458175 0 255 0 112.500000 150.000000 0 1 1 18635 1 1 -9.000000 -84.000000 -20.000000 1.839998 255 0 255 
td_11_bar_data=100.000000 0 
td_12_string=ZAPLENI
td_12_data=272.000000 352.000000 2 1 1 0 0.258332 1.750000 -1 255 -1962934017 1 16.500000 90.500000 1 2 1 0 1 1 -10.000000 0.000000 -20.000000 1.000000 255 255 255 
td_12_bar_data=100.000000 0 
td_13_string=PROPUSTI
td_13_data=373.000000 352.000000 2 1 1 0 0.258332 1.750000 -1 255 9109759 1 16.500000 90.500000 1 2 1 0 1 1 -10.000000 0.000000 -20.000000 1.000000 255 255 255 
td_13_bar_data=100.000000 0 
td_14_string=Preview_Model
td_14_data=278.000000 174.000000 5 1 0 0 0.600000 2.000000 1097458175 0 255 0 112.500000 150.000000 0 1 1 19488 1 1 0.000000 27.000000 -20.000000 1.569998 255 0 255 
td_14_bar_data=100.000000 0 
